64
1.99 61 0.17
2.25 57 0.21
2.45 61 0.16
2.65 64 0.21
2.88 61 0.16
3.10 57 0.21
3.31 61 0.21
3.55 64 0.23
3.78 61 0.16
3.99 57 0.24
4.21 61 0.22
4.43 64 0.25
4.66 61 0.21
4.88 56 0.23
5.11 61 0.22
5.34 64 0.22
5.56 61 0.18
5.78 56 0.23
6.01 61 0.21
6.23 64 0.22
6.44 61 0.19
6.67 56 0.22
6.88 61 0.22
7.11 64 0.21
7.33 61 0.20
7.56 56 0.20
7.78 61 0.22
8.01 64 0.23
8.23 61 0.18
8.45 54 0.26
8.69 57 0.19
8.85 66 0.14
9.04 61 0.16
9.27 54 0.25
9.50 57 0.13
9.70 66 0.18
10.18 61 0.21
10.38 54 0.27
10.62 57 0.17
10.82 66 0.20
11.04 61 0.14
11.27 54 0.25
11.48 57 0.22
11.69 66 0.23
11.94 61 0.23
12.17 54 0.24
12.37 57 0.14
12.56 66 0.22
12.81 62 0.17
13.04 57 0.21
13.24 62 0.14
13.42 66 0.25
13.66 62 0.20
13.91 57 0.16
14.10 62 0.21
14.32 66 0.23
14.55 62 0.15
14.75 57 0.23
14.94 62 0.17
15.17 66 0.21
15.38 62 0.10
15.63 57 0.67
15.67 61 0.63
15.67 64 0.65
