44
0.21 65 0.17
0.75 70 0.12
1.23 70 0.15
1.72 70 0.12
2.01 74 0.11
2.27 74 0.10
2.56 75 0.10
2.85 77 0.10
3.16 75 0.11
3.45 75 0.13
3.71 70 0.12
4.01 67 0.15
4.47 67 0.15
4.98 72 0.13
5.52 72 0.12
6.01 72 0.12
6.29 70 0.10
6.57 70 0.14
6.87 72 0.14
7.12 70 0.14
7.44 72 0.10
7.72 72 0.12
7.98 68 0.12
8.28 65 0.15
8.77 65 0.17
9.28 70 0.12
9.77 70 0.15
10.26 70 0.12
10.57 74 0.11
10.82 74 0.13
11.11 75 0.10
11.40 77 0.12
11.72 75 0.10
12.01 75 0.11
12.29 70 0.11
12.58 67 0.15
13.10 67 0.14
13.62 72 0.13
14.15 72 0.14
14.68 72 0.13
15.00 70 0.10
15.25 70 0.12
15.55 72 0.13
15.83 70 0.09
