38
1.16 64 0.12
1.25 62 0.11
1.35 64 0.50
1.88 57 0.90
2.77 65 0.13
2.86 64 0.12
2.99 65 0.25
3.24 64 0.25
3.49 62 0.78
4.29 65 0.14
4.40 64 0.12
4.52 65 0.42
4.96 57 0.89
5.81 62 0.15
5.96 60 0.10
6.09 62 0.26
6.35 60 0.26
6.62 59 0.24
6.88 62 0.21
7.13 60 0.72
7.86 59 0.11
7.97 60 0.12
8.10 62 0.68
8.80 60 0.12
8.93 62 0.16
9.08 64 0.30
9.36 62 0.28
9.62 60 0.30
9.90 59 0.30
10.19 57 0.56
10.69 65 0.34
11.17 64 1.03
12.19 65 0.27
12.44 64 0.28
12.72 62 0.26
12.99 64 0.39
13.86 40 0.15
14.18 40 0.56
