3459
0.00 62 0.25
0.12 62 0.12
0.25 74 0.12
0.50 69 0.12
0.87 68 0.12
1.12 67 0.12
1.37 65 0.25
1.62 62 0.12
1.75 65 0.12
1.87 67 0.12
2.00 60 0.12
2.12 60 0.12
2.25 74 0.12
2.50 69 0.12
2.87 68 0.12
3.12 67 0.12
3.37 65 0.25
3.62 62 0.12
3.75 65 0.12
3.87 67 0.12
4.00 59 0.12
4.12 59 0.12
4.25 74 0.12
4.50 69 0.12
4.87 68 0.12
5.12 67 0.12
5.37 65 0.25
5.62 62 0.12
5.75 65 0.12
5.87 67 0.12
6.00 58 0.12
6.12 58 0.12
6.25 74 0.12
6.50 69 0.12
6.87 68 0.12
7.12 67 0.12
7.37 65 0.25
7.62 62 0.12
7.75 65 0.12
7.87 67 0.12
7.99 62 0.12
7.99 50 0.50
7.99 74 0.12
7.99 62 0.50
8.12 62 0.12
8.12 74 0.12
8.24 74 0.12
8.24 86 0.12
8.49 69 0.12
8.49 50 0.50
8.49 81 0.12
8.49 62 0.50
8.87 68 0.12
8.87 80 0.12
8.99 50 0.50
8.99 62 0.50
9.12 67 0.12
9.12 79 0.12
9.37 65 0.25
9.37 77 0.25
9.49 50 0.50
9.49 62 0.50
9.62 62 0.12
9.62 74 0.12
9.74 65 0.12
9.74 77 0.12
9.87 67 0.12
9.87 79 0.12
9.99 60 0.12
9.99 48 0.50
9.99 72 0.12
9.99 60 0.50
10.12 60 0.12
10.12 72 0.12
10.24 74 0.12
10.24 86 0.12
10.49 69 0.12
10.49 48 0.50
10.49 81 0.12
10.49 60 0.50
10.87 68 0.12
10.87 80 0.12
10.99 48 0.50
10.99 60 0.50
11.12 67 0.12
11.12 79 0.12
11.37 65 0.25
11.37 77 0.25
11.49 48 0.50
11.49 60 0.50
11.62 62 0.12
11.62 74 0.12
11.74 65 0.12
11.74 77 0.12
11.87 67 0.12
11.87 79 0.12
11.99 59 0.12
11.99 47 0.50
11.99 71 0.12
11.99 59 0.50
12.12 59 0.12
12.12 71 0.12
12.24 74 0.12
12.24 86 0.12
12.49 69 0.12
12.49 47 0.50
12.49 81 0.12
12.49 59 0.50
12.87 68 0.12
12.87 80 0.12
12.99 47 0.50
12.99 59 0.50
13.12 67 0.12
13.12 79 0.12
13.37 65 0.25
13.37 77 0.25
13.49 47 0.50
13.49 59 0.50
13.62 62 0.12
13.62 74 0.12
13.74 65 0.12
13.74 77 0.12
13.87 67 0.12
13.87 79 0.12
13.99 58 0.12
13.99 46 0.50
13.99 70 0.12
13.99 58 0.50
14.12 58 0.12
14.12 70 0.12
14.24 74 0.12
14.24 86 0.12
14.49 69 0.12
14.49 46 0.50
14.49 81 0.12
14.49 58 0.50
14.86 68 0.12
14.86 80 0.12
14.99 48 0.50
14.99 60 0.50
15.11 67 0.12
15.11 79 0.12
15.24 51 0.25
15.36 65 0.25
15.36 77 0.25
15.49 48 0.50
15.49 60 0.50
15.52 51 0.25
15.61 62 0.12
15.61 74 0.12
15.74 65 0.12
15.74 77 0.12
15.86 67 0.12
15.86 79 0.12
15.98 74 0.12
15.98 62 0.50
15.98 62 0.12
15.98 50 0.50
15.98 50 0.12
15.98 62 0.12
15.98 74 0.12
15.98 43 0.25
16.11 74 0.12
16.11 62 0.12
16.11 50 0.12
16.11 74 0.12
16.11 62 0.12
16.23 86 0.12
16.23 74 0.12
16.23 86 0.12
16.23 74 0.12
16.23 40 0.25
16.48 81 0.12
16.48 62 0.50
16.48 69 0.12
16.48 50 0.50
16.48 50 0.12
16.48 69 0.12
16.48 81 0.12
16.48 43 0.25
16.61 50 0.12
16.73 40 0.25
16.86 80 0.12
16.86 68 0.12
16.86 68 0.12
16.86 80 0.12
16.98 62 0.50
16.98 50 0.50
16.98 50 0.12
16.98 43 0.25
17.11 79 0.12
17.11 67 0.12
17.11 50 0.12
17.11 67 0.12
17.11 79 0.12
17.23 2 0.25
17.23 40 0.25
17.36 77 0.25
17.36 65 0.25
17.36 65 0.25
17.36 77 0.25
17.48 62 0.50
17.48 50 0.50
17.48 50 0.12
17.48 43 0.25
17.61 74 0.12
17.61 62 0.12
17.61 50 0.12
17.61 74 0.12
17.61 62 0.12
17.73 77 0.12
17.73 65 0.12
17.73 77 0.12
17.73 65 0.12
17.73 0 0.25
17.73 40 0.25
17.86 79 0.12
17.86 67 0.12
17.86 79 0.12
17.86 67 0.12
17.98 72 0.12
17.98 60 0.50
17.98 60 0.12
17.98 48 0.50
17.98 48 0.12
17.98 60 0.12
17.98 72 0.12
17.98 43 0.25
18.11 72 0.12
18.11 60 0.12
18.11 48 0.12
18.11 72 0.12
18.11 60 0.12
18.23 86 0.12
18.23 74 0.12
18.23 86 0.12
18.23 74 0.12
18.23 40 0.25
18.48 81 0.12
18.48 60 0.50
18.48 69 0.12
18.48 48 0.50
18.48 48 0.12
18.48 69 0.12
18.48 81 0.12
18.48 43 0.25
18.61 48 0.12
18.73 40 0.25
18.86 80 0.12
18.86 68 0.12
18.86 68 0.12
18.86 80 0.12
18.98 60 0.50
18.98 48 0.50
18.98 48 0.12
18.98 43 0.25
19.11 79 0.12
19.11 67 0.12
19.11 48 0.12
19.11 67 0.12
19.11 79 0.12
19.23 2 0.25
19.23 40 0.25
19.36 77 0.25
19.36 65 0.25
19.36 65 0.25
19.36 77 0.25
19.48 60 0.50
19.48 48 0.50
19.48 48 0.12
19.48 43 0.25
19.61 74 0.12
19.61 62 0.12
19.61 48 0.12
19.61 74 0.12
19.61 62 0.12
19.73 77 0.12
19.73 65 0.12
19.73 77 0.12
19.73 65 0.12
19.73 0 0.25
19.73 40 0.25
19.86 79 0.12
19.86 67 0.12
19.86 79 0.12
19.86 67 0.12
19.98 71 0.12
19.98 59 0.50
19.98 59 0.12
19.98 47 0.50
19.98 47 0.12
19.98 59 0.12
19.98 71 0.12
19.98 43 0.25
20.11 71 0.12
20.11 59 0.12
20.11 47 0.12
20.11 71 0.12
20.11 59 0.12
20.23 86 0.12
20.23 74 0.12
20.23 86 0.12
20.23 74 0.12
20.23 40 0.25
20.48 81 0.12
20.48 59 0.50
20.48 69 0.12
20.48 47 0.50
20.48 47 0.12
20.48 69 0.12
20.48 81 0.12
20.48 43 0.25
20.61 47 0.12
20.73 40 0.25
20.86 80 0.12
20.86 68 0.12
20.86 68 0.12
20.86 80 0.12
20.98 59 0.50
20.98 47 0.50
20.98 47 0.12
20.98 43 0.25
21.11 79 0.12
21.11 67 0.12
21.11 47 0.12
21.11 67 0.12
21.11 79 0.12
21.23 2 0.25
21.23 40 0.25
21.36 77 0.25
21.36 65 0.25
21.36 65 0.25
21.36 77 0.25
21.48 59 0.50
21.48 47 0.50
21.48 47 0.12
21.48 43 0.25
21.61 74 0.12
21.61 62 0.12
21.61 47 0.12
21.61 74 0.12
21.61 62 0.12
21.73 77 0.12
21.73 65 0.12
21.73 77 0.12
21.73 65 0.12
21.73 0 0.25
21.73 40 0.25
21.86 79 0.12
21.86 67 0.12
21.86 79 0.12
21.86 67 0.12
21.98 70 0.12
21.98 58 0.50
21.98 58 0.12
21.98 46 0.50
21.98 46 0.12
21.98 58 0.12
21.98 70 0.12
21.98 43 0.25
22.11 70 0.12
22.11 58 0.12
22.11 46 0.12
22.11 70 0.12
22.11 58 0.12
22.23 86 0.12
22.23 74 0.12
22.23 86 0.12
22.23 74 0.12
22.23 40 0.25
22.48 81 0.12
22.48 58 0.50
22.48 69 0.12
22.48 46 0.50
22.48 46 0.12
22.48 69 0.12
22.48 81 0.12
22.48 43 0.25
22.61 46 0.12
22.73 40 0.25
22.86 80 0.12
22.86 68 0.12
22.86 68 0.12
22.86 80 0.12
22.98 60 0.50
22.98 48 0.50
22.98 48 0.12
22.98 40 0.25
23.11 79 0.12
23.11 67 0.12
23.11 48 0.12
23.11 67 0.12
23.11 79 0.12
23.23 2 0.25
23.23 40 0.25
23.36 77 0.25
23.36 65 0.25
23.36 65 0.25
23.36 77 0.25
23.48 60 0.50
23.48 48 0.50
23.48 48 0.12
23.48 40 0.25
23.61 74 0.12
23.61 62 0.12
23.61 48 0.12
23.61 74 0.12
23.61 62 0.12
23.73 77 0.12
23.73 65 0.12
23.73 77 0.12
23.73 65 0.12
23.73 1 0.25
23.73 40 0.25
23.86 79 0.12
23.86 67 0.12
23.86 79 0.12
23.86 67 0.12
23.98 74 0.12
23.98 62 0.50
23.98 62 0.12
23.98 50 0.50
23.98 50 0.12
23.98 62 0.12
23.98 74 0.12
23.98 43 0.25
24.11 74 0.12
24.11 62 0.12
24.11 50 0.12
24.11 74 0.12
24.11 62 0.12
24.23 86 0.12
24.23 74 0.12
24.23 86 0.12
24.23 74 0.12
24.23 40 0.25
24.48 81 0.12
24.48 62 0.50
24.48 69 0.12
24.48 50 0.50
24.48 50 0.12
24.48 69 0.12
24.48 81 0.12
24.48 43 0.25
24.60 50 0.12
24.73 40 0.25
24.85 80 0.12
24.85 68 0.12
24.85 68 0.12
24.85 80 0.12
24.98 62 0.50
24.98 50 0.50
24.98 50 0.12
24.98 43 0.25
25.10 79 0.12
25.10 67 0.12
25.10 50 0.12
25.10 67 0.12
25.10 79 0.12
25.23 2 0.25
25.23 40 0.25
25.35 77 0.25
25.35 65 0.25
25.35 65 0.25
25.35 77 0.25
25.48 62 0.50
25.48 50 0.50
25.48 50 0.12
25.48 43 0.25
25.60 74 0.12
25.60 62 0.12
25.60 50 0.12
25.60 74 0.12
25.60 62 0.12
25.73 77 0.12
25.73 65 0.12
25.73 77 0.12
25.73 65 0.12
25.73 0 0.25
25.73 40 0.25
25.85 79 0.12
25.85 67 0.12
25.85 79 0.12
25.85 67 0.12
25.98 72 0.12
25.98 60 0.50
25.98 60 0.12
25.98 48 0.50
25.98 48 0.12
25.98 60 0.12
25.98 72 0.12
25.98 43 0.25
26.10 72 0.12
26.10 60 0.12
26.10 48 0.12
26.10 72 0.12
26.10 60 0.12
26.23 86 0.12
26.23 74 0.12
26.23 86 0.12
26.23 74 0.12
26.23 40 0.25
26.48 81 0.12
26.48 60 0.50
26.48 69 0.12
26.48 48 0.50
26.48 48 0.12
26.48 69 0.12
26.48 81 0.12
26.48 43 0.25
26.60 48 0.12
26.73 40 0.25
26.85 80 0.12
26.85 68 0.12
26.85 68 0.12
26.85 80 0.12
26.98 60 0.50
26.98 48 0.50
26.98 48 0.12
26.98 43 0.25
27.10 79 0.12
27.10 67 0.12
27.10 48 0.12
27.10 67 0.12
27.10 79 0.12
27.23 2 0.25
27.23 40 0.25
27.35 77 0.25
27.35 65 0.25
27.35 65 0.25
27.35 77 0.25
27.48 60 0.50
27.48 48 0.50
27.48 48 0.12
27.48 43 0.25
27.60 74 0.12
27.60 62 0.12
27.60 48 0.12
27.60 74 0.12
27.60 62 0.12
27.73 77 0.12
27.73 65 0.12
27.73 77 0.12
27.73 65 0.12
27.73 0 0.25
27.73 40 0.25
27.85 79 0.12
27.85 67 0.12
27.85 79 0.12
27.85 67 0.12
27.98 71 0.12
27.98 59 0.50
27.98 59 0.12
27.98 47 0.50
27.98 47 0.12
27.98 59 0.12
27.98 71 0.12
27.98 43 0.25
28.10 71 0.12
28.10 59 0.12
28.10 47 0.12
28.10 71 0.12
28.10 59 0.12
28.23 86 0.12
28.23 74 0.12
28.23 86 0.12
28.23 74 0.12
28.23 40 0.25
28.48 81 0.12
28.48 59 0.50
28.48 69 0.12
28.48 47 0.50
28.48 47 0.12
28.48 69 0.12
28.48 81 0.12
28.48 43 0.25
28.60 47 0.12
28.73 40 0.25
28.85 80 0.12
28.85 68 0.12
28.85 68 0.12
28.85 80 0.12
28.98 59 0.50
28.98 47 0.50
28.98 47 0.12
28.98 43 0.25
29.10 79 0.12
29.10 67 0.12
29.10 47 0.12
29.10 67 0.12
29.10 79 0.12
29.23 2 0.25
29.23 40 0.25
29.35 77 0.25
29.35 65 0.25
29.35 65 0.25
29.35 77 0.25
29.48 59 0.50
29.48 47 0.50
29.48 47 0.12
29.48 43 0.25
29.60 74 0.12
29.60 62 0.12
29.60 47 0.12
29.60 74 0.12
29.60 62 0.12
29.73 77 0.12
29.73 65 0.12
29.73 77 0.12
29.73 65 0.12
29.73 0 0.25
29.73 40 0.25
29.85 79 0.12
29.85 67 0.12
29.85 79 0.12
29.85 67 0.12
29.98 70 0.12
29.98 58 0.50
29.98 58 0.12
29.98 46 0.50
29.98 46 0.12
29.98 58 0.12
29.98 70 0.12
29.98 43 0.25
30.10 70 0.12
30.10 58 0.12
30.10 46 0.12
30.10 70 0.12
30.10 58 0.12
30.23 86 0.12
30.23 74 0.12
30.23 86 0.12
30.23 74 0.12
30.23 40 0.25
30.48 81 0.12
30.48 58 0.50
30.48 69 0.12
30.48 46 0.50
30.48 46 0.12
30.48 69 0.12
30.48 81 0.12
30.48 43 0.25
30.60 46 0.12
30.73 40 0.25
30.85 80 0.12
30.85 68 0.12
30.85 68 0.12
30.85 80 0.12
30.98 60 0.50
30.98 48 0.50
30.98 48 0.12
30.98 40 0.25
31.10 79 0.12
31.10 67 0.12
31.10 48 0.12
31.10 67 0.12
31.10 79 0.12
31.23 2 0.25
31.23 40 0.25
31.35 77 0.25
31.35 65 0.25
31.35 65 0.25
31.35 77 0.25
31.48 60 0.50
31.48 48 0.50
31.48 48 0.12
31.48 40 0.25
31.60 74 0.12
31.60 62 0.12
31.60 48 0.12
31.60 74 0.12
31.60 62 0.12
31.73 77 0.12
31.73 65 0.12
31.73 77 0.12
31.73 65 0.12
31.73 1 0.25
31.73 40 0.25
31.73 74 0.06
31.73 74 0.06
31.80 75 0.06
31.80 75 0.06
31.85 79 0.12
31.85 67 0.12
31.85 79 0.12
31.85 67 0.12
31.86 76 0.06
31.86 76 0.06
31.92 77 0.06
31.98 62 0.50
31.98 62 0.50
31.98 50 0.12
31.98 77 0.01
31.98 43 0.25
32.10 50 0.12
32.23 77 0.06
32.23 77 0.25
32.23 40 0.25
32.35 77 0.06
32.48 62 0.50
32.48 62 0.50
32.48 50 0.12
32.48 77 0.06
32.48 43 0.25
32.60 50 0.12
32.60 77 0.06
32.60 77 0.06
32.73 40 0.25
32.85 77 0.25
32.85 77 0.06
32.98 62 0.50
32.98 62 0.50
32.98 50 0.12
32.98 43 0.25
33.10 50 0.12
33.10 74 0.12
33.10 77 0.25
33.23 40 0.25
33.23 2 0.25
33.35 74 0.25
33.35 74 0.12
33.48 62 0.50
33.48 62 0.50
33.48 50 0.12
33.48 43 0.25
33.60 50 0.12
33.60 74 0.25
33.73 0 0.25
33.73 40 0.25
33.98 60 0.50
33.98 60 0.50
33.98 48 0.12
33.98 77 0.25
33.98 43 0.25
34.10 48 0.12
34.23 77 0.06
34.23 77 0.25
34.23 40 0.25
34.35 77 0.06
34.48 60 0.50
34.48 60 0.50
34.48 48 0.12
34.48 77 0.06
34.48 43 0.25
34.60 48 0.12
34.60 79 0.06
34.60 77 0.06
34.73 40 0.25
34.85 80 0.25
34.85 79 0.06
34.98 60 0.50
34.98 60 0.50
34.98 48 0.12
34.98 43 0.25
35.10 48 0.12
35.10 79 0.12
35.10 80 0.25
35.23 77 0.12
35.23 40 0.25
35.23 2 0.25
35.35 74 0.12
35.35 79 0.12
35.48 60 0.50
35.48 60 0.50
35.48 48 0.12
35.48 77 0.12
35.48 77 0.12
35.48 43 0.25
35.60 48 0.12
35.60 79 0.12
35.60 74 0.12
35.73 77 0.12
35.73 0 0.25
35.73 40 0.25
35.85 79 0.12
35.98 59 0.50
35.98 59 0.50
35.98 47 0.12
35.98 77 0.25
35.98 43 0.25
36.10 47 0.12
36.23 77 0.06
36.23 77 0.25
36.23 40 0.25
36.35 77 0.06
36.48 59 0.50
36.48 59 0.50
36.48 47 0.12
36.48 77 0.06
36.48 43 0.25
36.60 47 0.12
36.60 79 0.25
36.60 77 0.06
36.73 40 0.25
36.85 80 0.25
36.85 79 0.25
36.98 59 0.50
36.98 59 0.50
36.98 47 0.12
36.98 43 0.25
37.10 47 0.12
37.10 81 0.25
37.10 80 0.25
37.23 40 0.25
37.23 2 0.25
37.35 84 0.25
37.35 81 0.25
37.48 59 0.50
37.48 59 0.50
37.48 47 0.12
37.48 43 0.25
37.60 47 0.12
37.60 81 0.31
37.60 84 0.25
37.73 40 0.25
37.73 0 0.25
37.85 81 0.31
37.98 58 0.50
37.98 58 0.50
37.98 46 0.12
37.98 86 0.19
37.98 43 0.25
38.10 46 0.12
38.23 86 0.19
38.23 86 0.19
38.23 40 0.25
38.48 58 0.50
38.48 58 0.50
38.48 46 0.12
38.48 86 0.06
38.48 86 0.19
38.48 43 0.25
38.60 46 0.12
38.60 81 0.12
38.73 86 0.12
38.73 86 0.06
38.73 40 0.25
38.85 84 0.81
38.85 81 0.12
38.98 60 0.50
38.98 60 0.50
38.98 48 0.12
38.98 86 0.12
38.98 40 0.25
39.10 48 0.12
39.10 84 0.81
39.23 2 0.25
39.23 40 0.25
39.48 60 0.50
39.48 60 0.50
39.48 48 0.12
39.48 40 0.25
39.60 48 0.12
39.72 1 0.25
39.72 40 0.25
39.98 62 0.50
39.98 62 0.50
39.98 50 0.12
39.98 81 0.25
39.98 69 0.25
39.98 43 0.25
40.10 50 0.12
40.23 81 0.06
40.23 69 0.06
40.23 40 0.25
40.23 4 0.25
40.35 81 0.06
40.35 69 0.06
40.48 62 0.50
40.48 62 0.50
40.48 50 0.12
40.48 43 0.25
40.60 50 0.12
40.60 81 0.06
40.60 69 0.06
40.73 40 0.25
40.73 4 0.25
40.85 81 0.25
40.85 69 0.25
40.98 62 0.50
40.98 62 0.50
40.98 50 0.12
40.98 43 0.25
41.10 50 0.12
41.10 79 0.12
41.10 67 0.12
41.23 40 0.25
41.23 2 0.25
41.23 4 0.25
41.35 79 0.25
41.35 67 0.25
41.48 62 0.50
41.48 62 0.50
41.48 50 0.12
41.48 43 0.25
41.60 50 0.12
41.73 4 0.25
41.73 0 0.25
41.73 40 0.25
41.98 60 0.50
41.98 60 0.50
41.98 48 0.12
41.98 81 0.25
41.98 69 0.25
41.98 43 0.25
42.10 48 0.12
42.23 81 0.06
42.23 69 0.06
42.23 4 0.25
42.23 40 0.25
42.35 81 0.06
42.35 69 0.06
42.48 60 0.50
42.48 60 0.50
42.48 48 0.12
42.48 43 0.25
42.60 48 0.12
42.60 81 0.06
42.60 69 0.06
42.73 40 0.25
42.73 4 0.25
42.85 78 0.06
42.85 66 0.06
42.98 60 0.50
42.98 60 0.50
42.98 48 0.12
42.98 43 0.25
43.10 48 0.12
43.10 81 0.06
43.10 69 0.06
43.23 40 0.25
43.23 2 0.25
43.23 4 0.25
43.35 86 0.06
43.35 74 0.06
43.48 60 0.50
43.48 60 0.50
43.48 48 0.12
43.48 43 0.25
43.60 48 0.12
43.60 81 0.06
43.60 69 0.06
43.73 78 0.06
43.73 66 0.06
43.73 4 0.25
43.73 0 0.25
43.73 40 0.25
43.98 59 0.50
43.98 59 0.50
43.98 47 0.12
43.98 76 0.12
43.98 86 0.25
43.98 64 0.12
43.98 74 0.25
43.98 43 0.25
44.10 47 0.12
44.10 67 0.12
44.10 55 0.12
44.23 72 0.12
44.23 85 0.25
44.23 60 0.12
44.23 73 0.25
44.23 4 0.25
44.23 40 0.25
44.35 76 0.12
44.35 64 0.12
44.48 59 0.50
44.48 59 0.50
44.48 47 0.12
44.48 67 0.12
44.48 84 0.25
44.48 55 0.12
44.48 72 0.25
44.48 43 0.25
44.60 47 0.12
44.60 75 0.12
44.60 63 0.12
44.73 66 0.12
44.73 83 0.25
44.73 54 0.12
44.73 71 0.25
44.73 4 0.25
44.73 40 0.25
44.85 71 0.12
44.85 59 0.12
44.97 59 0.50
44.97 59 0.50
44.97 47 0.12
44.97 66 0.12
44.97 85 0.25
44.97 54 0.12
44.97 73 0.25
44.97 43 0.25
45.10 47 0.12
45.10 75 0.12
45.10 63 0.12
45.22 65 0.12
45.22 84 0.25
45.22 53 0.12
45.22 72 0.25
45.22 4 0.25
45.22 2 0.25
45.22 40 0.25
45.35 68 0.12
45.35 56 0.12
45.47 59 0.50
45.47 59 0.50
45.47 47 0.12
45.47 73 0.12
45.47 83 0.25
45.47 61 0.12
45.47 71 0.25
45.47 43 0.25
45.60 47 0.12
45.60 65 0.12
45.60 53 0.12
45.72 73 0.12
45.72 82 0.25
45.72 61 0.12
45.72 70 0.25
45.72 4 0.25
45.72 0 0.25
45.72 40 0.25
45.85 65 0.12
45.85 53 0.12
45.97 58 0.50
45.97 58 0.50
45.97 46 0.12
45.97 74 0.12
45.97 64 1.00
45.97 62 0.12
45.97 52 1.00
45.97 43 0.25
46.10 46 0.12
46.10 75 0.12
46.10 63 0.12
46.22 76 0.12
46.22 64 0.12
46.22 4 0.25
46.22 40 0.25
46.35 77 0.12
46.35 65 0.12
46.47 58 0.50
46.47 58 0.50
46.47 46 0.12
46.47 78 0.12
46.47 66 0.12
46.47 43 0.25
46.60 46 0.12
46.60 79 0.12
46.60 67 0.12
46.72 80 0.12
46.72 68 0.12
46.72 4 0.25
46.72 40 0.25
46.85 81 0.12
46.85 69 0.12
46.97 60 0.50
46.97 60 0.50
46.97 48 0.12
46.97 72 0.75
46.97 84 0.75
46.97 72 0.75
46.97 60 0.75
46.97 40 0.25
47.10 48 0.12
47.22 4 0.25
47.22 2 0.25
47.22 40 0.25
47.47 60 0.50
47.47 60 0.50
47.47 48 0.12
47.47 40 0.25
47.60 48 0.12
47.72 4 0.25
47.72 1 0.25
47.72 40 0.25
47.97 58 0.50
47.97 46 0.12
47.97 43 0.25
48.10 46 0.12
48.22 46 0.12
48.22 4 0.25
48.22 40 0.25
48.35 46 0.12
48.47 58 0.50
48.47 46 0.12
48.47 43 0.25
48.60 46 0.12
48.72 46 0.12
48.72 4 0.25
48.72 40 0.25
48.85 46 0.12
48.97 58 0.50
48.97 46 0.12
48.97 77 0.12
48.97 65 0.12
48.97 43 0.25
49.10 46 0.12
49.10 74 0.12
49.10 62 0.12
49.22 46 0.12
49.22 65 0.12
49.22 77 0.12
49.22 4 0.25
49.22 2 0.25
49.22 40 0.25
49.35 46 0.12
49.35 79 0.12
49.35 67 0.12
49.47 58 0.50
49.47 46 0.12
49.47 80 0.12
49.47 68 0.12
49.47 43 0.25
49.59 46 0.12
49.59 79 0.12
49.59 67 0.12
49.72 46 0.12
49.72 77 0.12
49.72 65 0.12
49.72 40 0.25
49.72 0 0.25
49.72 4 0.25
49.84 46 0.12
49.84 74 0.12
49.84 62 0.12
49.97 60 0.50
49.97 48 0.12
49.97 77 0.06
49.97 65 0.06
49.97 43 0.25
50.03 62 0.06
50.03 74 0.06
50.09 48 0.12
50.09 77 0.06
50.09 65 0.06
50.16 62 0.06
50.16 74 0.06
50.22 48 0.12
50.22 77 0.19
50.22 65 0.19
50.22 40 0.25
50.22 4 0.25
50.34 48 0.12
50.47 60 0.50
50.47 48 0.12
50.47 79 0.56
50.47 67 0.56
50.47 43 0.25
50.59 48 0.12
50.72 48 0.12
50.72 4 0.25
50.72 40 0.25
50.84 48 0.12
50.97 60 0.50
50.97 48 0.12
50.97 43 0.25
51.09 48 0.12
51.22 48 0.12
51.22 40 0.25
51.22 2 0.25
51.22 4 0.25
51.34 48 0.12
51.47 60 0.50
51.47 48 0.12
51.47 43 0.25
51.59 48 0.12
51.59 80 0.25
51.59 68 0.25
51.72 48 0.12
51.72 4 0.25
51.72 40 0.25
51.72 0 0.25
51.84 48 0.12
51.84 81 0.12
51.84 69 0.12
51.97 62 0.50
51.97 50 0.12
51.97 84 0.12
51.97 72 0.12
51.97 43 0.25
52.09 50 0.12
52.22 50 0.12
52.22 81 0.12
52.22 69 0.12
52.22 40 0.25
52.22 4 0.25
52.34 50 0.12
52.34 80 0.12
52.34 68 0.12
52.47 62 0.50
52.47 50 0.12
52.47 79 0.12
52.47 67 0.12
52.47 43 0.25
52.59 50 0.12
52.59 77 0.12
52.59 65 0.12
52.72 50 0.12
52.72 74 0.12
52.72 62 0.12
52.72 40 0.25
52.72 4 0.25
52.84 50 0.12
52.84 76 0.12
52.84 64 0.12
52.97 62 0.50
52.97 50 0.12
52.97 77 0.12
52.97 65 0.12
52.97 43 0.25
53.09 50 0.12
53.22 50 0.12
53.22 67 0.12
53.22 79 0.12
53.22 4 0.25
53.22 2 0.25
53.22 40 0.25
53.34 50 0.12
53.47 62 0.50
53.47 50 0.12
53.47 81 0.12
53.47 69 0.12
53.47 43 0.25
53.59 50 0.12
53.72 50 0.12
53.72 84 0.12
53.72 72 0.12
53.72 40 0.25
53.72 0 0.25
53.72 4 0.25
53.84 50 0.12
53.97 61 0.50
53.97 49 0.12
53.97 85 0.12
53.97 73 0.12
53.97 43 0.25
54.09 49 0.12
54.22 49 0.12
54.22 68 0.12
54.22 80 0.12
54.22 4 0.25
54.22 40 0.25
54.34 49 0.12
54.47 61 0.50
54.47 49 0.12
54.47 80 0.12
54.47 68 0.12
54.47 43 0.25
54.59 49 0.12
54.59 79 0.12
54.59 67 0.12
54.72 49 0.12
54.72 77 0.12
54.72 65 0.12
54.72 40 0.25
54.72 4 0.25
54.84 49 0.12
54.84 79 0.50
54.84 67 0.50
54.97 63 0.50
54.97 51 0.12
54.97 4 0.25
54.97 40 0.25
55.09 51 0.12
55.22 51 0.12
55.22 40 0.25
55.22 2 0.25
55.22 4 0.25
55.34 51 0.12
55.47 63 0.50
55.47 51 0.12
55.47 4 0.25
55.47 40 0.25
55.59 51 0.12
55.72 51 0.12
55.72 40 0.25
55.72 1 0.25
55.72 4 0.25
55.84 51 0.12
55.97 58 0.50
55.97 46 0.12
55.97 65 0.25
55.97 53 0.25
55.97 43 0.25
56.09 46 0.12
56.22 46 0.12
56.22 67 0.25
56.22 55 0.25
56.22 40 0.25
56.22 4 0.25
56.34 46 0.12
56.47 58 0.50
56.47 46 0.12
56.47 69 0.25
56.47 57 0.25
56.47 43 0.25
56.59 46 0.12
56.72 46 0.12
56.72 77 0.25
56.72 65 0.25
56.72 4 0.25
56.72 40 0.25
56.84 46 0.12
56.97 58 0.50
56.97 46 0.12
56.97 76 0.50
56.97 64 0.50
56.97 43 0.25
57.09 46 0.12
57.22 46 0.12
57.22 40 0.25
57.22 2 0.25
57.22 4 0.25
57.34 46 0.12
57.47 58 0.50
57.47 46 0.12
57.47 74 0.50
57.47 62 0.50
57.47 43 0.25
57.59 46 0.12
57.72 46 0.12
57.72 40 0.25
57.72 0 0.25
57.72 4 0.25
57.84 46 0.12
57.97 60 0.50
57.97 48 0.12
57.97 76 0.50
57.97 64 0.50
57.97 43 0.25
58.09 48 0.12
58.22 48 0.12
58.22 40 0.25
58.22 4 0.25
58.34 48 0.12
58.47 60 0.50
58.47 48 0.12
58.47 77 0.50
58.47 65 0.50
58.47 43 0.25
58.59 48 0.12
58.72 48 0.12
58.72 40 0.25
58.72 4 0.25
58.84 48 0.12
58.97 60 0.50
58.97 48 0.12
58.97 79 0.50
58.97 67 0.50
58.97 43 0.25
59.09 48 0.12
59.22 48 0.12
59.22 40 0.25
59.22 2 0.25
59.22 4 0.25
59.34 48 0.12
59.47 60 0.50
59.47 48 0.12
59.47 76 0.50
59.47 64 0.50
59.47 43 0.25
59.59 48 0.12
59.71 48 0.12
59.71 4 0.25
59.71 40 0.25
59.71 0 0.25
59.84 48 0.12
59.96 62 0.50
59.96 50 0.12
59.96 81 1.00
59.96 69 1.00
59.96 43 0.25
60.09 50 0.12
60.21 50 0.12
60.21 4 0.25
60.21 40 0.25
60.34 50 0.12
60.46 62 0.50
60.46 50 0.12
60.46 43 0.25
60.59 50 0.12
60.71 50 0.12
60.71 4 0.25
60.71 40 0.25
60.84 50 0.12
60.96 62 0.50
60.96 50 0.12
60.96 81 0.06
60.96 69 0.06
60.96 43 0.25
61.03 68 0.06
61.03 80 0.06
61.09 50 0.12
61.09 79 0.06
61.09 67 0.06
61.15 66 0.06
61.15 78 0.06
61.21 50 0.12
61.21 65 0.06
61.21 77 0.06
61.21 4 0.25
61.21 2 0.25
61.21 40 0.25
61.28 64 0.06
61.28 76 0.06
61.34 50 0.12
61.34 75 0.06
61.34 63 0.06
61.40 62 0.06
61.40 74 0.06
61.46 62 0.50
61.46 50 0.12
61.46 73 0.06
61.46 61 0.06
61.46 43 0.25
61.53 60 0.06
61.53 72 0.06
61.59 50 0.12
61.59 71 0.06
61.59 59 0.06
61.65 58 0.06
61.65 70 0.06
61.71 50 0.12
61.71 57 0.06
61.71 69 0.06
61.71 4 0.25
61.71 0 0.25
61.71 40 0.25
61.78 56 0.06
61.78 68 0.06
61.84 50 0.12
61.84 67 0.06
61.84 55 0.06
61.90 54 0.06
61.90 66 0.06
61.96 61 0.50
61.96 49 0.12
61.96 67 1.00
61.96 55 1.00
61.96 43 0.25
62.09 49 0.12
62.21 49 0.12
62.21 4 0.25
62.21 40 0.25
62.34 49 0.12
62.46 61 0.50
62.46 49 0.12
62.46 43 0.25
62.59 49 0.12
62.71 49 0.12
62.71 4 0.25
62.71 49 0.25
62.71 40 0.25
62.84 49 0.12
62.96 63 0.50
62.96 51 0.12
62.96 68 1.00
62.96 56 1.00
62.96 4 0.25
62.96 40 0.25
62.96 49 0.25
63.09 51 0.12
63.21 51 0.12
63.21 49 0.25
63.21 40 0.25
63.21 2 0.25
63.21 4 0.25
63.34 51 0.12
63.46 63 0.50
63.46 51 0.12
63.46 49 0.25
63.46 40 0.25
63.46 4 0.25
63.59 51 0.12
63.71 51 0.12
63.71 49 0.25
63.71 40 0.25
63.71 1 0.25
63.71 4 0.25
63.84 51 0.12
63.96 58 0.50
63.96 46 0.12
63.96 43 0.25
64.09 46 0.12
64.21 46 0.12
64.21 4 0.25
64.21 40 0.25
64.34 46 0.12
64.46 58 0.50
64.46 46 0.12
64.46 43 0.25
64.59 46 0.12
64.71 46 0.12
64.71 4 0.25
64.71 40 0.25
64.84 46 0.12
64.96 58 0.50
64.96 46 0.12
64.96 77 0.12
64.96 65 0.12
64.96 43 0.25
65.09 46 0.12
65.09 74 0.12
65.09 62 0.12
65.21 46 0.12
65.21 65 0.12
65.21 77 0.12
65.21 4 0.25
65.21 2 0.25
65.21 40 0.25
65.34 46 0.12
65.34 79 0.12
65.34 67 0.12
65.46 58 0.50
65.46 46 0.12
65.46 80 0.12
65.46 68 0.12
65.46 43 0.25
65.59 46 0.12
65.59 79 0.12
65.59 67 0.12
65.71 46 0.12
65.71 77 0.12
65.71 65 0.12
65.71 40 0.25
65.71 0 0.25
65.71 4 0.25
65.84 46 0.12
65.84 74 0.12
65.84 62 0.12
65.96 60 0.50
65.96 48 0.12
65.96 77 0.06
65.96 65 0.06
65.96 43 0.25
66.02 62 0.06
66.02 74 0.06
66.09 48 0.12
66.09 77 0.06
66.09 65 0.06
66.15 62 0.06
66.15 74 0.06
66.21 48 0.12
66.21 77 0.19
66.21 65 0.19
66.21 40 0.25
66.21 4 0.25
66.34 48 0.12
66.46 60 0.50
66.46 48 0.12
66.46 79 0.56
66.46 67 0.56
66.46 43 0.25
66.59 48 0.12
66.71 48 0.12
66.71 4 0.25
66.71 40 0.25
66.84 48 0.12
66.96 60 0.50
66.96 48 0.12
66.96 43 0.25
67.09 48 0.12
67.21 48 0.12
67.21 40 0.25
67.21 2 0.25
67.21 4 0.25
67.34 48 0.12
67.46 60 0.50
67.46 48 0.12
67.46 43 0.25
67.59 48 0.12
67.59 80 0.25
67.59 68 0.25
67.71 48 0.12
67.71 4 0.25
67.71 40 0.25
67.71 0 0.25
67.84 48 0.12
67.84 81 0.12
67.84 69 0.12
67.96 62 0.50
67.96 50 0.12
67.96 84 0.12
67.96 72 0.12
67.96 43 0.25
68.09 50 0.12
68.21 50 0.12
68.21 81 0.12
68.21 69 0.12
68.21 40 0.25
68.21 4 0.25
68.34 50 0.12
68.34 80 0.12
68.34 68 0.12
68.46 62 0.50
68.46 50 0.12
68.46 79 0.12
68.46 67 0.12
68.46 43 0.25
68.59 50 0.12
68.59 77 0.12
68.59 65 0.12
68.71 50 0.12
68.71 74 0.12
68.71 62 0.12
68.71 40 0.25
68.71 4 0.25
68.84 50 0.12
68.84 76 0.12
68.84 64 0.12
68.96 62 0.50
68.96 50 0.12
68.96 77 0.12
68.96 65 0.12
68.96 43 0.25
69.09 50 0.12
69.21 50 0.12
69.21 67 0.12
69.21 79 0.12
69.21 4 0.25
69.21 2 0.25
69.21 40 0.25
69.34 50 0.12
69.46 62 0.50
69.46 50 0.12
69.46 81 0.12
69.46 69 0.12
69.46 43 0.25
69.58 50 0.12
69.71 50 0.12
69.71 84 0.12
69.71 72 0.12
69.71 40 0.25
69.71 0 0.25
69.71 4 0.25
69.83 50 0.12
69.96 61 0.50
69.96 49 0.12
69.96 85 0.12
69.96 73 0.12
69.96 43 0.25
70.08 49 0.12
70.21 49 0.12
70.21 68 0.12
70.21 80 0.12
70.21 4 0.25
70.21 40 0.25
70.33 49 0.12
70.46 61 0.50
70.46 49 0.12
70.46 80 0.12
70.46 68 0.12
70.46 43 0.25
70.58 49 0.12
70.58 79 0.12
70.58 67 0.12
70.71 49 0.12
70.71 77 0.12
70.71 65 0.12
70.71 40 0.25
70.71 4 0.25
70.83 49 0.12
70.83 79 0.50
70.83 67 0.50
70.96 63 0.50
70.96 51 0.12
70.96 4 0.25
70.96 40 0.25
71.08 51 0.12
71.21 51 0.12
71.21 40 0.25
71.21 2 0.25
71.21 4 0.25
71.33 51 0.12
71.46 63 0.50
71.46 51 0.12
71.46 4 0.25
71.46 40 0.25
71.58 51 0.12
71.71 51 0.12
71.71 40 0.25
71.71 1 0.25
71.71 4 0.25
71.83 51 0.12
71.96 58 0.50
71.96 46 0.12
71.96 65 0.25
71.96 53 0.25
71.96 43 0.25
72.08 46 0.12
72.21 46 0.12
72.21 67 0.25
72.21 55 0.25
72.21 40 0.25
72.21 4 0.25
72.33 46 0.12
72.46 58 0.50
72.46 46 0.12
72.46 69 0.25
72.46 57 0.25
72.46 43 0.25
72.58 46 0.12
72.71 46 0.12
72.71 77 0.25
72.71 65 0.25
72.71 4 0.25
72.71 40 0.25
72.83 46 0.12
72.96 58 0.50
72.96 46 0.12
72.96 76 0.50
72.96 64 0.50
72.96 43 0.25
73.08 46 0.12
73.21 46 0.12
73.21 40 0.25
73.21 2 0.25
73.21 4 0.25
73.33 46 0.12
73.46 58 0.50
73.46 46 0.12
73.46 74 0.50
73.46 62 0.50
73.46 43 0.25
73.58 46 0.12
73.71 46 0.12
73.71 40 0.25
73.71 0 0.25
73.71 4 0.25
73.83 46 0.12
73.96 60 0.50
73.96 48 0.12
73.96 76 0.50
73.96 64 0.50
73.96 43 0.25
74.08 48 0.12
74.21 48 0.12
74.21 40 0.25
74.21 4 0.25
74.33 48 0.12
74.46 60 0.50
74.46 48 0.12
74.46 77 0.50
74.46 65 0.50
74.46 43 0.25
74.58 48 0.12
74.71 48 0.12
74.71 40 0.25
74.71 4 0.25
74.83 48 0.12
74.96 60 0.50
74.96 48 0.12
74.96 79 0.50
74.96 67 0.50
74.96 43 0.25
75.08 48 0.12
75.21 48 0.12
75.21 40 0.25
75.21 2 0.25
75.21 4 0.25
75.33 48 0.12
75.46 60 0.50
75.46 48 0.12
75.46 76 0.50
75.46 64 0.50
75.46 43 0.25
75.58 48 0.12
75.71 48 0.12
75.71 4 0.25
75.71 40 0.25
75.71 0 0.25
75.83 48 0.12
75.96 62 0.50
75.96 50 0.12
75.96 81 1.00
75.96 69 1.00
75.96 43 0.25
76.08 50 0.12
76.21 50 0.12
76.21 4 0.25
76.21 40 0.25
76.33 50 0.12
76.46 62 0.50
76.46 50 0.12
76.46 43 0.25
76.58 50 0.12
76.71 50 0.12
76.71 4 0.25
76.71 40 0.25
76.83 50 0.12
76.96 62 0.50
76.96 50 0.12
76.96 81 0.06
76.96 69 0.06
76.96 43 0.25
77.02 68 0.06
77.02 80 0.06
77.08 50 0.12
77.08 79 0.06
77.08 67 0.06
77.14 66 0.06
77.14 78 0.06
77.21 50 0.12
77.21 65 0.06
77.21 77 0.06
77.21 4 0.25
77.21 2 0.25
77.21 40 0.25
77.27 64 0.06
77.27 76 0.06
77.33 50 0.12
77.33 75 0.06
77.33 63 0.06
77.39 62 0.06
77.39 74 0.06
77.46 62 0.50
77.46 50 0.12
77.46 73 0.06
77.46 61 0.06
77.46 43 0.25
77.52 60 0.06
77.52 72 0.06
77.58 50 0.12
77.58 71 0.06
77.58 59 0.06
77.64 58 0.06
77.64 70 0.06
77.71 50 0.12
77.71 57 0.06
77.71 69 0.06
77.71 4 0.25
77.71 0 0.25
77.71 40 0.25
77.77 56 0.06
77.77 68 0.06
77.83 50 0.12
77.83 67 0.06
77.83 55 0.06
77.89 54 0.06
77.89 66 0.06
77.96 61 0.50
77.96 49 0.12
77.96 67 1.00
77.96 55 1.00
77.96 43 0.25
78.08 49 0.12
78.21 49 0.12
78.21 4 0.25
78.21 40 0.25
78.33 49 0.12
78.46 61 0.50
78.46 49 0.12
78.46 43 0.25
78.58 49 0.12
78.71 49 0.12
78.71 4 0.25
78.71 49 0.25
78.71 40 0.25
78.83 49 0.12
78.96 63 0.50
78.96 51 0.12
78.96 68 1.00
78.96 56 1.00
78.96 4 0.25
78.96 40 0.25
78.96 49 0.25
79.08 51 0.12
79.21 51 0.12
79.21 49 0.25
79.21 40 0.25
79.21 2 0.25
79.21 4 0.25
79.33 51 0.12
79.46 63 0.50
79.46 51 0.12
79.46 49 0.25
79.46 40 0.25
79.46 4 0.25
79.58 51 0.12
79.70 51 0.12
79.70 49 0.25
79.70 40 0.25
79.70 1 0.25
79.70 4 0.25
79.83 51 0.12
79.96 58 0.50
79.96 46 0.12
79.96 46 1.50
79.96 34 1.50
79.96 45 0.25
79.96 44 0.25
79.96 57 0.75
79.96 49 0.75
80.08 46 0.12
80.21 46 0.12
80.21 44 0.25
80.33 46 0.12
80.46 58 0.50
80.46 46 0.12
80.46 44 0.25
80.58 46 0.12
80.71 46 0.12
80.71 44 0.25
80.83 46 0.12
80.96 58 0.50
80.96 46 0.12
80.96 44 0.25
80.96 45 0.25
81.08 46 0.12
81.21 46 0.12
81.21 44 0.25
81.33 46 0.12
81.46 58 0.50
81.46 46 0.12
81.46 53 0.50
81.46 41 0.50
81.46 44 0.25
81.58 46 0.12
81.71 46 0.12
81.71 44 0.25
81.83 46 0.12
81.96 60 0.50
81.96 48 0.12
81.96 52 1.00
81.96 40 1.00
81.96 44 0.25
81.96 45 0.25
82.08 48 0.12
82.21 48 0.12
82.21 44 0.25
82.33 48 0.12
82.46 60 0.50
82.46 48 0.12
82.46 44 0.25
82.58 48 0.12
82.71 48 0.12
82.71 44 0.25
82.83 48 0.12
82.96 60 0.50
82.96 48 0.12
82.96 50 1.00
82.96 38 1.00
82.96 44 0.25
82.96 45 0.25
83.08 48 0.12
83.21 48 0.12
83.21 44 0.25
83.33 48 0.12
83.46 60 0.50
83.46 48 0.12
83.46 44 0.25
83.58 48 0.12
83.71 48 0.12
83.71 44 0.25
83.83 48 0.12
83.96 62 0.50
83.96 50 0.12
83.96 53 4.00
83.96 41 4.00
83.96 44 0.25
83.96 45 0.25
84.08 50 0.12
84.21 50 0.12
84.21 44 0.25
84.33 50 0.12
84.46 62 0.50
84.46 50 0.12
84.46 44 0.25
84.58 50 0.12
84.71 50 0.12
84.71 44 0.25
84.83 50 0.12
84.95 62 0.50
84.95 50 0.12
84.95 44 0.25
84.95 45 0.25
85.08 50 0.12
85.20 50 0.12
85.20 44 0.25
85.33 50 0.12
85.45 62 0.50
85.45 50 0.12
85.45 44 0.25
85.58 50 0.12
85.70 50 0.12
85.70 44 0.25
85.83 50 0.12
85.95 61 0.50
85.95 49 0.12
85.95 44 0.25
85.95 45 0.25
86.08 49 0.12
86.20 49 0.12
86.20 44 0.25
86.33 49 0.12
86.45 61 0.50
86.45 49 0.12
86.45 44 0.25
86.58 49 0.12
86.70 49 0.12
86.70 44 0.25
86.83 49 0.12
86.95 63 0.50
86.95 51 0.12
86.95 44 0.25
86.95 45 0.25
87.08 51 0.12
87.20 51 0.12
87.20 44 0.25
87.33 51 0.12
87.45 63 0.50
87.45 51 0.12
87.45 44 0.25
87.58 51 0.12
87.70 51 0.12
87.70 44 0.25
87.83 51 0.12
87.95 58 0.50
87.95 46 0.12
87.95 46 1.50
87.95 34 1.50
87.95 44 0.25
87.95 45 0.25
88.08 46 0.12
88.20 46 0.12
88.20 44 0.25
88.33 46 0.12
88.45 58 0.50
88.45 46 0.12
88.45 44 0.25
88.58 46 0.12
88.70 46 0.12
88.70 44 0.25
88.83 46 0.12
88.95 58 0.50
88.95 46 0.12
88.95 44 0.25
88.95 45 0.25
89.08 46 0.12
89.20 46 0.12
89.20 44 0.25
89.33 46 0.12
89.45 58 0.50
89.45 46 0.12
89.45 53 0.50
89.45 41 0.50
89.45 44 0.25
89.58 46 0.12
89.70 46 0.12
89.70 44 0.25
89.83 46 0.12
89.95 60 0.50
89.95 48 0.12
89.95 52 1.00
89.95 40 1.00
89.95 44 0.25
89.95 45 0.25
90.08 48 0.12
90.20 48 0.12
90.20 44 0.25
90.33 48 0.12
90.45 60 0.50
90.45 48 0.12
90.45 44 0.25
90.58 48 0.12
90.70 48 0.12
90.70 44 0.25
90.83 48 0.12
90.95 60 0.50
90.95 48 0.12
90.95 50 1.00
90.95 38 1.00
90.95 44 0.25
90.95 45 0.25
91.08 48 0.12
91.20 48 0.12
91.20 44 0.25
91.33 48 0.12
91.45 60 0.50
91.45 48 0.12
91.45 44 0.25
91.58 48 0.12
91.70 48 0.12
91.70 44 0.25
91.83 48 0.12
91.95 62 0.50
91.95 50 0.12
91.95 50 3.00
91.95 38 3.00
91.95 44 0.25
91.95 45 0.25
92.08 50 0.12
92.20 50 0.12
92.20 44 0.25
92.33 50 0.12
92.45 62 0.50
92.45 50 0.12
92.45 44 0.25
92.58 50 0.12
92.70 50 0.12
92.70 44 0.25
92.83 50 0.12
92.95 62 0.50
92.95 50 0.12
92.95 44 0.25
92.95 45 0.25
93.08 50 0.12
93.20 50 0.12
93.20 44 0.25
93.33 50 0.12
93.45 62 0.50
93.45 50 0.12
93.45 44 0.25
93.58 50 0.12
93.70 50 0.12
93.70 44 0.25
93.83 50 0.12
93.95 61 0.50
93.95 49 0.12
93.95 44 0.25
93.95 45 0.25
94.08 49 0.12
94.20 49 0.12
94.20 44 0.25
94.33 49 0.12
94.45 61 0.50
94.45 49 0.12
94.45 44 0.25
94.58 49 0.12
94.70 49 0.12
94.70 44 0.25
94.82 49 0.12
94.95 63 0.50
94.95 51 0.12
94.95 44 0.25
94.95 45 0.25
95.07 51 0.12
95.20 51 0.12
95.20 44 0.25
95.32 51 0.12
95.45 63 0.50
95.45 51 0.12
95.45 44 0.25
95.57 51 0.12
95.70 51 0.12
95.70 44 0.25
95.82 51 0.12
95.95 74 0.12
95.95 58 0.50
95.95 46 0.12
95.95 46 1.50
95.95 46 1.50
95.95 46 1.50
95.95 46 1.50
95.95 45 0.25
95.95 44 0.25
95.95 38 0.25
95.95 37 0.25
95.95 48 1.00
95.95 49 1.00
96.08 74 0.12
96.08 46 0.12
96.20 86 0.12
96.20 46 0.12
96.20 37 0.25
96.20 44 0.25
96.33 46 0.12
96.45 81 0.12
96.45 58 0.50
96.45 46 0.12
96.45 37 0.25
96.45 44 0.25
96.58 46 0.12
96.70 46 0.12
96.70 37 0.25
96.70 44 0.25
96.83 80 0.12
96.83 46 0.12
96.95 58 0.50
96.95 46 0.12
96.95 37 0.25
96.95 38 0.25
96.95 44 0.25
96.95 45 0.25
97.08 79 0.12
97.08 46 0.12
97.20 46 0.12
97.20 37 0.25
97.20 44 0.25
97.33 77 0.25
97.33 46 0.12
97.45 58 0.50
97.45 46 0.12
97.45 53 0.50
97.45 53 0.50
97.45 53 0.50
97.45 53 0.50
97.45 37 0.25
97.45 44 0.25
97.58 74 0.12
97.58 46 0.12
97.70 77 0.12
97.70 46 0.12
97.70 37 0.25
97.70 44 0.25
97.83 79 0.12
97.83 46 0.12
97.95 72 0.12
97.95 60 0.50
97.95 48 0.12
97.95 52 1.00
97.95 52 1.00
97.95 52 1.00
97.95 52 1.00
97.95 37 0.25
97.95 38 0.25
97.95 44 0.25
97.95 45 0.25
98.08 72 0.12
98.08 48 0.12
98.20 86 0.12
98.20 48 0.12
98.20 37 0.25
98.20 44 0.25
98.33 48 0.12
98.45 81 0.12
98.45 60 0.50
98.45 48 0.12
98.45 37 0.25
98.45 44 0.25
98.58 48 0.12
98.70 48 0.12
98.70 37 0.25
98.70 44 0.25
98.83 80 0.12
98.83 48 0.12
98.95 60 0.50
98.95 48 0.12
98.95 50 1.00
98.95 50 1.00
98.95 50 1.00
98.95 50 1.00
98.95 37 0.25
98.95 38 0.25
98.95 44 0.25
98.95 45 0.25
99.08 79 0.12
99.08 48 0.12
99.20 48 0.12
99.20 37 0.25
99.20 44 0.25
99.33 77 0.25
99.33 48 0.12
99.45 60 0.50
99.45 48 0.12
99.45 37 0.25
99.45 44 0.25
99.58 74 0.12
99.58 48 0.12
99.70 77 0.12
99.70 48 0.12
99.70 37 0.25
99.70 44 0.25
99.83 79 0.12
99.83 48 0.12
99.95 71 0.12
99.95 62 0.50
99.95 50 0.12
99.95 53 2.00
99.95 53 2.00
99.95 53 2.00
99.95 53 2.00
99.95 37 0.25
99.95 38 0.25
99.95 44 0.25
99.95 45 0.25
100.07 71 0.12
100.07 50 0.12
100.20 86 0.12
100.20 50 0.12
100.20 37 0.25
100.20 44 0.25
100.32 50 0.12
100.45 81 0.12
100.45 62 0.50
100.45 50 0.12
100.45 37 0.25
100.45 44 0.25
100.57 50 0.12
100.70 50 0.12
100.70 37 0.25
100.70 44 0.25
100.82 80 0.12
100.82 50 0.12
100.95 62 0.50
100.95 50 0.12
100.95 37 0.25
100.95 38 0.25
100.95 44 0.25
100.95 45 0.25
101.07 79 0.12
101.07 50 0.12
101.20 50 0.12
101.20 37 0.25
101.20 44 0.25
101.32 77 0.25
101.32 50 0.12
101.45 62 0.50
101.45 50 0.12
101.45 37 0.25
101.45 44 0.25
101.57 74 0.12
101.57 50 0.12
101.70 77 0.12
101.70 50 0.12
101.70 37 0.25
101.70 44 0.25
101.82 79 0.12
101.82 50 0.12
101.95 71 0.12
101.95 61 0.50
101.95 49 0.12
101.95 37 0.25
101.95 38 0.25
101.95 44 0.25
101.95 45 0.25
102.07 71 0.12
102.07 49 0.12
102.20 86 0.12
102.20 49 0.12
102.20 37 0.25
102.20 44 0.25
102.32 49 0.12
102.45 81 0.12
102.45 61 0.50
102.45 49 0.12
102.45 37 0.25
102.45 44 0.25
102.57 49 0.12
102.70 49 0.12
102.70 37 0.25
102.70 44 0.25
102.82 80 0.12
102.82 49 0.12
102.95 60 0.50
102.95 51 0.12
102.95 37 0.25
102.95 38 0.25
102.95 44 0.25
102.95 45 0.25
103.07 79 0.12
103.07 51 0.12
103.20 51 0.12
103.20 37 0.25
103.20 44 0.25
103.32 77 0.25
103.32 51 0.12
103.45 60 0.50
103.45 51 0.12
103.45 37 0.25
103.45 44 0.25
103.57 74 0.12
103.57 51 0.12
103.70 77 0.12
103.70 51 0.12
103.70 37 0.25
103.70 44 0.25
103.82 79 0.12
103.82 51 0.12
103.95 74 0.12
103.95 58 0.50
103.95 46 0.12
103.95 46 1.25
103.95 46 1.25
103.95 46 1.25
103.95 46 1.25
103.95 45 0.25
103.95 44 0.25
103.95 38 0.25
103.95 37 0.25
103.95 49 1.00
103.95 48 1.00
104.07 74 0.12
104.07 46 0.12
104.20 86 0.12
104.20 46 0.12
104.20 37 0.25
104.20 44 0.25
104.32 46 0.12
104.45 81 0.12
104.45 58 0.50
104.45 46 0.12
104.45 37 0.25
104.45 44 0.25
104.57 46 0.12
104.70 46 0.12
104.70 37 0.25
104.70 44 0.25
104.82 80 0.12
104.82 46 0.12
104.95 58 0.50
104.95 46 0.12
104.95 37 0.25
104.95 38 0.25
104.95 44 0.25
104.95 45 0.25
105.07 79 0.12
105.07 46 0.12
105.20 46 0.12
105.20 37 0.25
105.20 44 0.25
105.32 77 0.25
105.32 46 0.12
105.45 58 0.50
105.45 46 0.12
105.45 53 0.50
105.45 53 0.50
105.45 53 0.50
105.45 53 0.50
105.45 37 0.25
105.45 44 0.25
105.57 74 0.12
105.57 46 0.12
105.70 77 0.12
105.70 46 0.12
105.70 37 0.25
105.70 44 0.25
105.82 79 0.12
105.82 46 0.12
105.95 72 0.12
105.95 60 0.50
105.95 48 0.12
105.95 52 1.00
105.95 52 1.00
105.95 52 1.00
105.95 52 1.00
105.95 37 0.25
105.95 38 0.25
105.95 44 0.25
105.95 45 0.25
106.07 72 0.12
106.07 48 0.12
106.20 86 0.12
106.20 48 0.12
106.20 37 0.25
106.20 44 0.25
106.32 48 0.12
106.45 81 0.12
106.45 60 0.50
106.45 48 0.12
106.45 37 0.25
106.45 44 0.25
106.57 48 0.12
106.70 48 0.12
106.70 37 0.25
106.70 44 0.25
106.82 80 0.12
106.82 48 0.12
106.95 60 0.50
106.95 48 0.12
106.95 50 1.00
106.95 50 1.00
106.95 50 1.00
106.95 50 1.00
106.95 37 0.25
106.95 38 0.25
106.95 44 0.25
106.95 45 0.25
107.07 79 0.12
107.07 48 0.12
107.20 48 0.12
107.20 37 0.25
107.20 44 0.25
107.32 77 0.25
107.32 48 0.12
107.45 60 0.50
107.45 48 0.12
107.45 37 0.25
107.45 44 0.25
107.57 74 0.12
107.57 48 0.12
107.70 77 0.12
107.70 48 0.12
107.70 37 0.25
107.70 44 0.25
107.82 79 0.12
107.82 48 0.12
107.95 71 0.12
107.95 62 0.50
107.95 50 0.12
107.95 50 3.00
107.95 50 3.00
107.95 50 3.00
107.95 50 3.00
108.07 71 0.12
108.07 50 0.12
108.20 86 0.12
108.20 50 0.12
108.20 77 0.12
108.32 50 0.12
108.45 81 0.12
108.45 62 0.50
108.45 50 0.12
108.45 76 0.12
108.57 50 0.12
108.70 50 0.12
108.82 80 0.12
108.82 50 0.12
108.82 72 0.12
108.95 62 0.50
108.95 50 0.12
109.07 79 0.12
109.07 50 0.12
109.07 76 0.12
109.20 50 0.12
109.32 77 0.25
109.32 50 0.12
109.32 74 0.12
109.45 62 0.50
109.45 50 0.12
109.57 74 0.12
109.57 50 0.12
109.57 69 0.12
109.70 77 0.12
109.70 50 0.12
109.70 72 0.12
109.82 79 0.12
109.82 50 0.12
109.82 74 0.12
109.95 71 0.12
109.95 62 0.50
109.95 49 0.12
110.07 71 0.12
110.07 49 0.12
110.19 86 0.12
110.19 49 0.12
110.19 77 0.12
110.32 49 0.12
110.44 81 0.12
110.44 62 0.50
110.44 49 0.12
110.44 76 0.12
110.57 49 0.12
110.69 49 0.12
110.82 80 0.12
110.82 49 0.12
110.82 72 0.12
110.94 62 0.50
110.94 51 0.12
110.94 51 0.25
110.94 50 0.25
110.94 39 0.25
111.07 79 0.12
111.07 51 0.12
111.07 76 0.12
111.19 51 0.12
111.19 51 0.25
111.19 50 0.25
111.19 39 0.25
111.32 77 0.25
111.32 51 0.12
111.32 74 0.12
111.44 62 0.50
111.44 51 0.12
111.44 51 0.25
111.44 50 0.25
111.44 39 0.25
111.57 74 0.12
111.57 51 0.12
111.57 69 0.12
111.69 77 0.12
111.69 51 0.12
111.69 72 0.12
111.69 51 0.25
111.69 50 0.25
111.69 39 0.25
111.82 79 0.12
111.82 51 0.12
111.82 74 0.12
111.94 46 0.25
111.94 58 0.25
111.94 46 0.12
111.94 43 0.12
112.07 46 0.12
112.07 43 0.12
112.19 46 0.25
112.19 58 0.25
112.19 46 0.12
112.19 57 0.12
112.19 40 0.25
112.19 4 0.25
112.32 46 0.12
112.44 46 0.25
112.44 58 0.25
112.44 46 0.12
112.44 43 0.12
112.57 46 0.12
112.57 43 0.12
112.69 46 0.25
112.69 58 0.25
112.69 46 0.12
112.69 57 0.12
112.69 40 0.25
112.69 4 0.25
112.82 46 0.12
112.94 46 0.25
112.94 58 0.25
112.94 46 0.12
112.94 43 0.12
113.07 46 0.12
113.07 43 0.12
113.19 58 0.25
113.19 46 0.25
113.19 46 0.12
113.19 57 0.12
113.19 40 0.25
113.19 2 0.25
113.19 4 0.25
113.32 46 0.12
113.44 46 0.25
113.44 58 0.25
113.44 46 0.12
113.44 43 0.12
113.57 46 0.12
113.57 43 0.12
113.69 58 0.25
113.69 70 0.25
113.69 46 0.25
113.69 46 0.12
113.69 57 0.12
113.69 40 0.25
113.69 4 0.25
113.69 0 0.25
113.82 46 0.12
113.94 48 0.25
113.94 60 0.25
113.94 48 0.12
113.94 43 0.12
114.07 48 0.12
114.07 43 0.12
114.19 48 0.25
114.19 60 0.25
114.19 48 0.12
114.19 57 0.12
114.19 40 0.25
114.19 4 0.25
114.32 48 0.12
114.44 48 0.25
114.44 60 0.25
114.44 48 0.12
114.44 43 0.12
114.57 48 0.12
114.57 43 0.12
114.69 48 0.25
114.69 60 0.25
114.69 48 0.12
114.69 57 0.12
114.69 40 0.25
114.69 4 0.25
114.82 48 0.12
114.94 48 0.25
114.94 60 0.25
114.94 48 0.12
114.94 43 0.12
115.07 48 0.12
115.07 43 0.12
115.19 60 0.25
115.19 48 0.25
115.19 48 0.12
115.19 57 0.12
115.19 40 0.25
115.19 4 0.25
115.19 2 0.25
115.32 48 0.12
115.44 48 0.25
115.44 60 0.25
115.44 48 0.12
115.44 43 0.12
115.57 48 0.12
115.57 43 0.12
115.69 60 0.25
115.69 72 0.25
115.69 48 0.25
115.69 48 0.12
115.69 57 0.12
115.69 40 0.25
115.69 4 0.25
115.69 0 0.25
115.82 48 0.12
115.94 50 0.25
115.94 62 0.25
115.94 50 0.12
115.94 43 0.12
116.07 50 0.12
116.07 43 0.12
116.19 50 0.25
116.19 62 0.25
116.19 50 0.12
116.19 57 0.12
116.19 40 0.25
116.19 4 0.25
116.32 50 0.12
116.44 50 0.25
116.44 62 0.25
116.44 50 0.12
116.44 43 0.12
116.57 50 0.12
116.57 43 0.12
116.69 50 0.25
116.69 62 0.25
116.69 50 0.12
116.69 57 0.12
116.69 40 0.25
116.69 4 0.25
116.82 50 0.12
116.94 50 0.25
116.94 62 0.25
116.94 50 0.12
116.94 43 0.12
117.07 50 0.12
117.07 43 0.12
117.19 62 0.25
117.19 50 0.25
117.19 50 0.12
117.19 57 0.12
117.19 40 0.25
117.19 4 0.25
117.19 2 0.25
117.32 50 0.12
117.44 50 0.25
117.44 62 0.25
117.44 50 0.12
117.44 43 0.12
117.57 50 0.12
117.57 43 0.12
117.69 62 0.25
117.69 74 0.25
117.69 50 0.25
117.69 50 0.12
117.69 57 0.12
117.69 40 0.25
117.69 4 0.25
117.69 0 0.25
117.82 50 0.12
117.94 49 0.25
117.94 61 0.25
117.94 49 0.12
117.94 43 0.12
118.07 49 0.12
118.07 43 0.12
118.19 49 0.25
118.19 61 0.25
118.19 49 0.12
118.19 57 0.12
118.19 40 0.25
118.19 4 0.25
118.32 49 0.12
118.44 49 0.25
118.44 61 0.25
118.44 49 0.12
118.44 43 0.12
118.57 49 0.12
118.57 43 0.12
118.69 49 0.25
118.69 61 0.25
118.69 49 0.12
118.69 57 0.12
118.69 40 0.25
118.69 4 0.25
118.82 49 0.12
118.94 48 0.25
118.94 60 0.25
118.94 51 0.12
118.94 40 0.25
118.94 4 0.25
119.07 51 0.12
119.19 48 0.25
119.19 60 0.25
119.19 51 0.12
119.19 57 0.12
119.19 40 0.25
119.19 4 0.25
119.19 2 0.25
119.32 51 0.12
119.44 48 0.25
119.44 60 0.25
119.44 51 0.12
119.44 40 0.25
119.44 4 0.25
119.57 51 0.12
119.69 60 0.25
119.69 72 0.25
119.69 48 0.25
119.69 51 0.12
119.69 57 0.12
119.69 40 0.25
119.69 4 0.25
119.69 1 0.25
119.82 51 0.12
119.94 46 0.25
119.94 58 0.25
119.94 46 0.12
119.94 43 0.12
120.06 46 0.12
120.06 43 0.12
120.19 46 0.25
120.19 58 0.25
120.19 46 0.12
120.19 57 0.12
120.19 40 0.25
120.19 4 0.25
120.31 46 0.12
120.44 46 0.25
120.44 58 0.25
120.44 46 0.12
120.44 43 0.12
120.56 46 0.12
120.56 43 0.12
120.69 46 0.25
120.69 58 0.25
120.69 46 0.12
120.69 57 0.12
120.69 40 0.25
120.69 4 0.25
120.81 46 0.12
120.94 46 0.25
120.94 58 0.25
120.94 46 0.12
120.94 43 0.12
121.06 46 0.12
121.06 43 0.12
121.19 58 0.25
121.19 46 0.25
121.19 46 0.12
121.19 57 0.12
121.19 40 0.25
121.19 4 0.25
121.19 2 0.25
121.31 46 0.12
121.44 46 0.25
121.44 58 0.25
121.44 46 0.12
121.44 43 0.12
121.56 46 0.12
121.56 43 0.12
121.69 58 0.25
121.69 70 0.25
121.69 46 0.25
121.69 46 0.12
121.69 57 0.12
121.69 40 0.25
121.69 4 0.25
121.69 0 0.25
121.81 46 0.12
121.94 48 0.25
121.94 60 0.25
121.94 48 0.12
121.94 43 0.12
122.06 48 0.12
122.06 43 0.12
122.19 48 0.25
122.19 60 0.25
122.19 48 0.12
122.19 57 0.12
122.19 40 0.25
122.19 4 0.25
122.31 48 0.12
122.44 48 0.25
122.44 60 0.25
122.44 48 0.12
122.44 43 0.12
122.56 48 0.12
122.56 43 0.12
122.69 48 0.25
122.69 60 0.25
122.69 48 0.12
122.69 57 0.12
122.69 40 0.25
122.69 4 0.25
122.81 48 0.12
122.94 48 0.25
122.94 60 0.25
122.94 48 0.12
122.94 43 0.12
123.06 48 0.12
123.06 43 0.12
123.19 60 0.25
123.19 48 0.25
123.19 48 0.12
123.19 57 0.12
123.19 40 0.25
123.19 4 0.25
123.19 2 0.25
123.31 48 0.12
123.44 48 0.25
123.44 60 0.25
123.44 48 0.12
123.44 43 0.12
123.56 48 0.12
123.56 43 0.12
123.69 60 0.25
123.69 72 0.25
123.69 48 0.25
123.69 48 0.12
123.69 57 0.12
123.69 40 0.25
123.69 4 0.25
123.69 0 0.25
123.81 48 0.12
123.94 50 0.25
123.94 62 0.25
123.94 50 0.12
123.94 43 0.12
124.06 50 0.12
124.06 43 0.12
124.19 50 0.25
124.19 62 0.25
124.19 50 0.12
124.19 57 0.12
124.19 40 0.25
124.19 4 0.25
124.31 50 0.12
124.44 50 0.25
124.44 62 0.25
124.44 50 0.12
124.44 43 0.12
124.56 50 0.12
124.56 43 0.12
124.69 50 0.25
124.69 62 0.25
124.69 50 0.12
124.69 57 0.12
124.69 40 0.25
124.69 4 0.25
124.81 50 0.12
124.94 50 0.25
124.94 62 0.25
124.94 50 0.12
124.94 43 0.12
125.06 50 0.12
125.06 43 0.12
125.19 62 0.25
125.19 50 0.25
125.19 50 0.12
125.19 57 0.12
125.19 40 0.25
125.19 4 0.25
125.19 2 0.25
125.31 50 0.12
125.44 50 0.25
125.44 62 0.25
125.44 50 0.12
125.44 43 0.12
125.56 50 0.12
125.56 43 0.12
125.69 62 0.25
125.69 50 0.25
125.69 50 0.12
125.69 57 0.12
125.69 40 0.25
125.69 4 0.25
125.69 0 0.25
125.81 50 0.12
125.94 62 0.25
125.94 50 0.25
125.94 74 0.25
125.94 49 0.12
125.94 43 0.12
126.06 49 0.12
126.06 43 0.12
126.19 62 0.25
126.19 50 0.25
126.19 49 0.12
126.19 57 0.12
126.19 40 0.25
126.19 4 0.25
126.31 49 0.12
126.44 50 0.25
126.44 62 0.25
126.44 49 0.12
126.44 43 0.12
126.56 49 0.12
126.56 43 0.12
126.69 50 0.25
126.69 62 0.25
126.69 49 0.12
126.69 57 0.12
126.69 40 0.25
126.69 4 0.25
126.81 49 0.12
126.94 50 0.25
126.94 62 0.25
126.94 51 0.12
126.94 40 0.25
126.94 4 0.25
127.06 51 0.12
127.19 50 0.25
127.19 62 0.25
127.19 51 0.12
127.19 57 0.12
127.19 40 0.25
127.19 4 0.25
127.19 2 0.25
127.31 51 0.12
127.44 50 0.25
127.44 62 0.25
127.44 51 0.12
127.44 40 0.25
127.44 4 0.25
127.56 51 0.12
127.69 50 0.25
127.69 62 0.25
127.69 51 0.12
127.69 57 0.12
127.69 40 0.25
127.69 4 0.25
127.69 1 0.25
127.81 51 0.12
127.94 58 0.25
127.94 46 0.25
127.94 46 0.12
127.94 43 0.12
128.06 46 0.12
128.06 43 0.12
128.19 46 0.25
128.19 58 0.25
128.19 46 0.12
128.19 57 0.12
128.19 40 0.25
128.19 4 0.25
128.31 46 0.12
128.44 46 0.25
128.44 58 0.25
128.44 46 0.12
128.44 43 0.12
128.56 46 0.12
128.56 43 0.12
128.69 46 0.25
128.69 58 0.25
128.69 46 0.12
128.69 57 0.12
128.69 40 0.25
128.69 4 0.25
128.81 46 0.12
128.94 46 0.25
128.94 58 0.25
128.94 46 0.12
128.94 43 0.12
129.06 46 0.12
129.06 43 0.12
129.19 58 0.25
129.19 46 0.25
129.19 46 0.12
129.19 57 0.12
129.19 40 0.25
129.19 2 0.25
129.19 4 0.25
129.31 46 0.12
129.44 46 0.25
129.44 58 0.25
129.44 46 0.12
129.44 43 0.12
129.56 46 0.12
129.56 43 0.12
129.69 58 0.25
129.69 70 0.25
129.69 46 0.25
129.69 46 0.12
129.69 57 0.12
129.69 40 0.25
129.69 4 0.25
129.69 0 0.25
129.81 46 0.12
129.94 48 0.25
129.94 60 0.25
129.94 48 0.12
129.94 43 0.12
130.06 48 0.12
130.06 43 0.12
130.19 48 0.25
130.19 60 0.25
130.19 48 0.12
130.19 57 0.12
130.19 40 0.25
130.19 4 0.25
130.31 48 0.12
130.44 48 0.25
130.44 60 0.25
130.44 48 0.12
130.44 43 0.12
130.56 48 0.12
130.56 43 0.12
130.69 48 0.25
130.69 60 0.25
130.69 48 0.12
130.69 57 0.12
130.69 40 0.25
130.69 4 0.25
130.81 48 0.12
130.94 48 0.25
130.94 60 0.25
130.94 48 0.12
130.94 43 0.12
131.06 48 0.12
131.06 43 0.12
131.19 60 0.25
131.19 48 0.25
131.19 48 0.12
131.19 57 0.12
131.19 40 0.25
131.19 4 0.25
131.19 2 0.25
131.31 48 0.12
131.44 48 0.25
131.44 60 0.25
131.44 48 0.12
131.44 43 0.12
131.56 48 0.12
131.56 43 0.12
131.69 60 0.25
131.69 72 0.25
131.69 48 0.25
131.69 48 0.12
131.69 57 0.12
131.69 40 0.25
131.69 4 0.25
131.69 0 0.25
131.81 48 0.12
131.94 50 0.25
131.94 62 0.25
131.94 50 0.12
131.94 43 0.12
132.06 50 0.12
132.06 43 0.12
132.19 50 0.25
132.19 62 0.25
132.19 50 0.12
132.19 57 0.12
132.19 40 0.25
132.19 4 0.25
132.31 50 0.12
132.44 50 0.25
132.44 62 0.25
132.44 50 0.12
132.44 43 0.12
132.56 50 0.12
132.56 43 0.12
132.69 50 0.25
132.69 62 0.25
132.69 50 0.12
132.69 57 0.12
132.69 40 0.25
132.69 4 0.25
132.81 50 0.12
132.94 50 0.25
132.94 62 0.25
132.94 50 0.12
132.94 43 0.12
133.06 50 0.12
133.06 43 0.12
133.19 62 0.25
133.19 50 0.25
133.19 50 0.12
133.19 57 0.12
133.19 40 0.25
133.19 4 0.25
133.19 2 0.25
133.31 50 0.12
133.44 50 0.25
133.44 62 0.25
133.44 50 0.12
133.44 43 0.12
133.56 50 0.12
133.56 43 0.12
133.69 62 0.25
133.69 74 0.25
133.69 50 0.25
133.69 50 0.12
133.69 57 0.12
133.69 40 0.25
133.69 4 0.25
133.69 0 0.25
133.81 50 0.12
133.94 49 0.25
133.94 61 0.25
133.94 49 0.12
133.94 43 0.12
134.06 49 0.12
134.06 43 0.12
134.19 49 0.25
134.19 61 0.25
134.19 49 0.12
134.19 57 0.12
134.19 40 0.25
134.19 4 0.25
134.31 49 0.12
134.44 49 0.25
134.44 61 0.25
134.44 49 0.12
134.44 43 0.12
134.56 49 0.12
134.56 43 0.12
134.69 49 0.25
134.69 61 0.25
134.69 49 0.12
134.69 57 0.12
134.69 40 0.25
134.69 4 0.25
134.81 49 0.12
134.94 48 0.25
134.94 60 0.25
134.94 51 0.12
134.94 40 0.25
134.94 4 0.25
135.06 51 0.12
135.18 48 0.25
135.18 60 0.25
135.18 51 0.12
135.18 57 0.12
135.18 40 0.25
135.18 4 0.25
135.18 2 0.25
135.31 51 0.12
135.43 48 0.25
135.43 60 0.25
135.43 51 0.12
135.43 40 0.25
135.43 4 0.25
135.56 51 0.12
135.68 60 0.25
135.68 72 0.25
135.68 48 0.25
135.68 51 0.12
135.68 57 0.12
135.68 40 0.25
135.68 4 0.25
135.68 1 0.25
135.81 51 0.12
135.93 46 0.25
135.93 58 0.25
135.93 46 0.12
135.93 43 0.12
136.06 46 0.12
136.06 43 0.12
136.18 46 0.25
136.18 58 0.25
136.18 46 0.12
136.18 57 0.12
136.18 40 0.25
136.18 4 0.25
136.31 46 0.12
136.43 46 0.25
136.43 58 0.25
136.43 46 0.12
136.43 43 0.12
136.56 46 0.12
136.56 43 0.12
136.68 46 0.25
136.68 58 0.25
136.68 46 0.12
136.68 57 0.12
136.68 40 0.25
136.68 4 0.25
136.81 46 0.12
136.93 46 0.25
136.93 58 0.25
136.93 46 0.12
136.93 43 0.12
137.06 46 0.12
137.06 43 0.12
137.18 58 0.25
137.18 46 0.25
137.18 46 0.12
137.18 57 0.12
137.18 40 0.25
137.18 4 0.25
137.18 2 0.25
137.31 46 0.12
137.43 46 0.25
137.43 58 0.25
137.43 46 0.12
137.43 43 0.12
137.56 46 0.12
137.56 43 0.12
137.68 58 0.25
137.68 70 0.25
137.68 46 0.25
137.68 46 0.12
137.68 57 0.12
137.68 40 0.25
137.68 4 0.25
137.68 0 0.25
137.81 46 0.12
137.93 48 0.25
137.93 60 0.25
137.93 48 0.12
137.93 43 0.12
138.06 48 0.12
138.06 43 0.12
138.18 48 0.25
138.18 60 0.25
138.18 48 0.12
138.18 57 0.12
138.18 40 0.25
138.18 4 0.25
138.31 48 0.12
138.43 48 0.25
138.43 60 0.25
138.43 48 0.12
138.43 43 0.12
138.56 48 0.12
138.56 43 0.12
138.68 48 0.25
138.68 60 0.25
138.68 48 0.12
138.68 57 0.12
138.68 40 0.25
138.68 4 0.25
138.81 48 0.12
138.93 48 0.25
138.93 60 0.25
138.93 48 0.12
138.93 43 0.12
139.06 48 0.12
139.06 43 0.12
139.18 60 0.25
139.18 48 0.25
139.18 48 0.12
139.18 57 0.12
139.18 40 0.25
139.18 4 0.25
139.18 2 0.25
139.31 48 0.12
139.43 48 0.25
139.43 60 0.25
139.43 48 0.12
139.43 43 0.12
139.56 48 0.12
139.56 43 0.12
139.68 60 0.25
139.68 72 0.25
139.68 48 0.25
139.68 48 0.12
139.68 57 0.12
139.68 40 0.25
139.68 4 0.25
139.68 0 0.25
139.81 48 0.12
139.93 50 0.25
139.93 62 0.25
139.93 50 0.12
139.93 43 0.12
140.06 50 0.12
140.06 43 0.12
140.18 50 0.25
140.18 62 0.25
140.18 50 0.12
140.18 57 0.12
140.18 40 0.25
140.18 4 0.25
140.31 50 0.12
140.43 50 0.25
140.43 62 0.25
140.43 50 0.12
140.43 43 0.12
140.56 50 0.12
140.56 43 0.12
140.68 50 0.25
140.68 62 0.25
140.68 50 0.12
140.68 57 0.12
140.68 40 0.25
140.68 4 0.25
140.81 50 0.12
140.93 50 0.25
140.93 62 0.25
140.93 50 0.12
140.93 43 0.12
141.06 50 0.12
141.06 43 0.12
141.18 62 0.25
141.18 50 0.25
141.18 50 0.12
141.18 57 0.12
141.18 40 0.25
141.18 4 0.25
141.18 2 0.25
141.31 50 0.12
141.43 50 0.25
141.43 62 0.25
141.43 50 0.12
141.43 43 0.12
141.56 50 0.12
141.56 43 0.12
141.68 62 0.25
141.68 50 0.25
141.68 50 0.12
141.68 57 0.12
141.68 40 0.25
141.68 4 0.25
141.68 0 0.25
141.81 50 0.12
141.93 62 0.25
141.93 50 0.25
141.93 74 0.25
141.93 49 0.12
141.93 43 0.12
142.06 49 0.12
142.06 43 0.12
142.18 62 0.25
142.18 50 0.25
142.18 49 0.12
142.18 57 0.12
142.18 40 0.25
142.18 4 0.25
142.31 49 0.12
142.43 50 0.25
142.43 62 0.25
142.43 49 0.12
142.43 43 0.12
142.56 49 0.12
142.56 43 0.12
142.68 50 0.25
142.68 62 0.25
142.68 49 0.12
142.68 57 0.12
142.68 40 0.25
142.68 4 0.25
142.81 49 0.12
142.93 50 0.25
142.93 62 0.25
142.93 51 0.12
142.93 40 0.25
142.93 4 0.25
143.06 51 0.12
143.18 50 0.25
143.18 62 0.25
143.18 51 0.12
143.18 57 0.12
143.18 40 0.25
143.18 4 0.25
143.18 2 0.25
143.31 51 0.12
143.43 50 0.25
143.43 62 0.25
143.43 51 0.12
143.43 40 0.25
143.43 4 0.25
143.56 51 0.12
143.68 50 0.25
143.68 62 0.25
143.68 51 0.12
143.68 57 0.12
143.68 40 0.25
143.68 4 0.25
143.68 1 0.25
143.81 51 0.12
