43
1.33 62 0.18
1.54 65 0.16
1.83 74 0.14
2.73 62 0.18
2.95 65 0.12
3.20 74 0.15
4.07 76 0.28
4.64 77 0.15
4.90 76 0.15
5.11 77 0.15
5.37 76 0.18
5.61 74 0.10
6.19 72 0.48
7.82 69 0.19
8.29 62 0.15
8.78 65 0.15
9.00 67 0.13
9.28 69 0.12
10.24 69 0.13
10.71 62 0.14
11.18 65 0.23
11.40 67 0.13
11.70 64 0.22
12.76 62 0.16
13.02 65 0.15
13.25 74 0.12
14.17 62 0.16
14.42 65 0.13
14.65 74 0.12
15.42 76 0.13
16.00 77 0.15
16.27 76 0.16
16.51 77 0.14
16.74 76 0.13
16.98 72 0.10
17.23 69 0.10
17.88 69 0.11
18.34 62 0.14
18.79 65 0.13
19.04 67 0.13
19.31 69 0.11
20.16 69 0.14
20.40 62 0.10
